20 500 0.0000000000e+00
1 1 2.6514629861e-01
7 1 -1.0217874395e-01
1 2 5.3638629019e-01
7 2 -2.6753172841e-01
1 3 8.3115673946e-01
7 3 -1.9510637465e-01
1 4 7.2960766352e-01
7 4 -1.4645345814e-01
1 5 8.7606807344e-01
7 5 -6.4700412017e-03
1 6 7.7774084548e-01
7 6 -1.9940359170e-02
1 7 6.5656750550e-01
7 7 1.8534363084e-02
1 8 7.1758593969e-01
7 8 8.6085447093e-02
1 9 6.5215168830e-01
7 9 4.6009102220e-02
1 10 7.5522567988e-01
7 10 2.2977181150e-01
1 11 1.0092364878e+00
7 11 -1.7419616251e-01
1 12 8.8536387880e-01
7 12 3.1028038187e-03
1 13 8.6545364894e-01
7 13 -6.2275425948e-02
1 14 1.0199863418e+00
7 14 3.4381969832e-01
1 15 5.7478822702e-01
7 15 8.8538638969e-04
1 16 5.2273931306e-01
7 16 -3.6279552766e-01
1 17 7.5205397572e-01
7 17 3.5067715148e-02
1 18 9.3250699976e-01
7 18 -1.9930760737e-01
1 19 8.6047267050e-01
5 19 3.1213572852e-01
7 19 -3.3413321171e-01
1 20 9.7854930522e-01
5 20 1.0512537755e-01
7 20 1.0879868476e-02
1 21 7.3768932650e-01
5 21 1.9902735891e-01
7 21 1.3360270174e-01
1 22 9.3686027928e-01
5 22 2.3051341454e-01
7 22 -3.7605430511e-01
1 23 9.2791599186e-01
5 23 -1.3829813724e-01
7 23 -1.8661238935e-01
1 24 3.7790054753e-01
5 24 -9.1902032188e-04
7 24 -3.4999131744e-01
1 25 5.1200943672e-01
5 25 1.1943494177e-01
7 25 -9.4390339996e-02
1 26 4.8296248861e-01
5 26 1.6778461475e-01
7 26 2.7452775571e-01
1 27 6.9645626503e-01
5 27 1.1564811855e-01
7 27 -9.1104851699e-02
1 28 6.7314661260e-01
5 28 9.3027640614e-02
7 28 -2.2091548433e-01
1 29 8.2882321946e-01
5 29 3.3195742488e-01
7 29 6.9031606645e-02
1 30 7.0627836861e-01
5 30 3.4462716177e-01
7 30 -1.0284567196e-01
1 31 7.1916769520e-01
5 31 1.3787273370e-01
7 31 2.0491352610e-01
1 32 6.4973664892e-01
2 32 3.8730859318e-01
5 32 3.2684212868e-01
7 32 3.4957796528e-02
1 33 1.0191313486e+00
2 33 8.1239052625e-01
5 33 -1.1402219943e-02
7 33 -2.0003546492e-01
1 34 8.4127188303e-01
2 34 8.7158246604e-01
7 34 -1.9074086237e-01
1 35 6.9621445490e-01
2 35 7.5412111013e-01
3 35 4.2426342892e-01
7 35 -2.2817949544e-02
1 36 8.8892843368e-01
2 36 8.4585247868e-01
3 36 5.1074991583e-01
1 37 9.5867112257e-01
2 37 7.9192132725e-01
3 37 5.2664684206e-01
1 38 8.5659616771e-01
2 38 6.6552299480e-01
3 38 4.1401677548e-01
1 39 6.1273014353e-01
2 39 7.6538592874e-01
3 39 5.0129411533e-01
10 39 4.2859818837e-02
1 40 6.8113223112e-01
2 40 5.7515859124e-01
3 40 4.4904463344e-01
10 40 -2.6752271783e-01
1 41 8.0062988193e-01
2 41 6.2643428964e-01
3 41 5.1531807742e-01
10 41 -2.5659169388e-01
1 42 6.5026630782e-01
2 42 4.8648269499e-01
3 42 7.5914728389e-01
10 42 -1.1689927959e-01
1 43 5.8603173495e-01
2 43 3.5007550396e-01
3 43 6.7344945726e-01
10 43 -3.9688761704e-01
1 44 5.0160181172e-01
2 44 6.7893915283e-01
3 44 6.6277768634e-01
10 44 -7.7412692603e-02
1 45 6.0976445520e-01
2 45 8.6439342168e-01
3 45 9.4560041514e-01
10 45 -3.5159512837e-01
1 46 7.8155032529e-01
2 46 7.3820113570e-01
3 46 8.0153293407e-01
10 46 -2.4782588425e-01
1 47 6.9283495828e-01
2 47 4.8987033219e-01
3 47 5.5415906171e-01
10 47 -1.3900192501e-01
1 48 5.7316940302e-01
2 48 8.1510388704e-01
3 48 8.3771608376e-01
10 48 -4.5518116023e-02
1 49 8.8305457392e-01
2 49 5.6787139964e-01
3 49 7.7218544514e-01
10 49 3.4052713459e-02
1 50 8.9866682540e-01
2 50 5.3669796587e-01
3 50 5.9306953663e-01
10 50 -6.1982195402e-02
1 51 8.4242829949e-01
2 51 7.0370524090e-01
3 51 7.9049466674e-01
10 51 5.0392931135e-02
1 52 8.1266832559e-01
2 52 7.6385752988e-01
3 52 7.5895479923e-01
10 52 -1.0773213080e-01
1 53 9.8383813557e-01
2 53 4.5227237120e-01
3 53 8.8275724355e-01
10 53 -6.2901549533e-02
1 54 1.1254501868e+00
2 54 5.5171104526e-01
3 54 8.9601603926e-01
10 54 -1.2027947487e-01
1 55 1.0720599115e+00
2 55 7.5521589251e-01
3 55 1.0139670557e+00
10 55 -3.9080282216e-01
1 56 9.9800200857e-01
2 56 8.4328515550e-01
3 56 5.3820311213e-01
10 56 -1.0005982534e-01
1 57 1.0006028900e+00
2 57 6.1918663486e-01
3 57 5.7232903742e-01
10 57 -3.8465216946e-01
1 58 1.0697564334e+00
2 58 7.2782502403e-01
3 58 5.8622294195e-01
10 58 -2.1950653941e-01
1 59 7.9596771257e-01
2 59 7.0103131192e-01
3 59 6.9116338617e-01
10 59 3.3200975588e-03
1 60 5.4845182469e-01
2 60 5.3015905638e-01
3 60 8.4448410312e-01
10 60 -8.5984026311e-03
1 61 8.2275407118e-01
2 61 1.2815228070e-01
3 61 5.9147819969e-01
10 61 -2.9856916970e-01
1 62 5.4208410310e-01
2 62 2.1104295755e-01
3 62 5.4057368260e-01
10 62 -4.6614676714e-01
1 63 6.4380980464e-01
2 63 4.1935188310e-01
3 63 5.0512782010e-01
10 63 2.1041248136e-01
1 64 6.8720094159e-01
2 64 5.8589738299e-01
3 64 7.5831689891e-01
1 65 8.2019330606e-01
2 65 5.3216344487e-01
3 65 8.5992266115e-01
1 66 7.5488840378e-01
2 66 6.3765539763e-01
3 66 9.7874265983e-01
1 67 7.0453431078e-01
2 67 6.8691639568e-01
3 67 9.4227026584e-01
13 67 -1.4305988950e-01
1 68 6.1963677462e-01
2 68 7.3966048109e-01
3 68 8.6706996880e-01
13 68 -1.8769806712e-01
1 69 8.5497289116e-01
2 69 7.6534704977e-01
3 69 8.5526057699e-01
1 70 1.0225086475e+00
2 70 6.2316298714e-01
3 70 8.8723313403e-01
1 71 1.0867830980e+00
2 71 4.5266147877e-01
3 71 5.8589153029e-01
1 72 1.0288825524e+00
2 72 6.2621701005e-01
3 72 7.2824222557e-01
1 73 1.0268334772e+00
2 73 7.6749456597e-01
3 73 6.6437358087e-01
1 74 6.2263470569e-01
2 74 5.3076623759e-01
3 74 4.8878275990e-01
1 75 7.1603584824e-01
2 75 7.9833427898e-01
3 75 6.7547521104e-01
1 76 8.1221864529e-01
2 76 9.6642211387e-01
3 76 6.0017424727e-01
1 77 8.1985664080e-01
2 77 9.7992469324e-01
3 77 6.6466763505e-01
1 78 1.0503752887e+00
2 78 1.1302386706e+00
3 78 8.4635009445e-01
1 79 1.2402079193e+00
2 79 1.2372281997e+00
3 79 9.8067217133e-01
1 80 1.0910894743e+00
2 80 1.2936401982e+00
3 80 1.0196541037e+00
1 81 8.5557517519e-01
2 81 1.1056645188e+00
3 81 1.0922904254e+00
1 82 1.0581991829e+00
2 82 9.4844324624e-01
3 82 1.3221805201e+00
1 83 9.5658056646e-01
2 83 6.0519449095e-01
3 83 1.0030719444e+00
1 84 7.7012863401e-01
2 84 6.7635156860e-01
3 84 1.0397975302e+00
1 85 9.4358918506e-01
2 85 8.1841725392e-01
3 85 9.0208837040e-01
1 86 8.5671573489e-01
2 86 8.8376585132e-01
3 86 1.0229078274e+00
1 87 8.4064222311e-01
2 87 6.3382993101e-01
3 87 1.0853368621e+00
1 88 7.3291253458e-01
2 88 4.3698623091e-01
3 88 8.9264697605e-01
1 89 8.6222841030e-01
2 89 6.6496133853e-01
3 89 8.1580088153e-01
1 90 7.6377839476e-01
2 90 5.1224355953e-01
3 90 6.1619067104e-01
1 91 1.1202550386e+00
2 91 5.9375978490e-01
3 91 5.7348642204e-01
1 92 9.2534351223e-01
2 92 3.7413650757e-01
3 92 7.0246201391e-01
1 93 1.1956582329e+00
2 93 4.9715376256e-01
3 93 8.6860626478e-01
1 94 1.0538937593e+00
2 94 5.3748717971e-01
3 94 9.8809668337e-01
1 95 9.0172351092e-01
2 95 4.2292738284e-01
3 95 1.0419190187e+00
1 96 8.3805748034e-01
2 96 6.4000793676e-01
3 96 9.6427719081e-01
1 97 7.8953425155e-01
2 97 3.8134170006e-01
3 97 8.6198788297e-01
1 98 9.3508852624e-01
2 98 5.3919348608e-01
3 98 9.2145313385e-01
1 99 9.1225041419e-01
2 99 6.3284846951e-01
3 99 8.4838761809e-01
1 100 1.2542452923e+00
2 100 5.4194579417e-01
3 100 6.9915371824e-01
1 101 1.3053455158e+00
2 101 6.9087122384e-01
3 101 8.2919942164e-01
1 102 1.0624076452e+00
2 102 7.1009197745e-01
3 102 6.4369144750e-01
1 103 7.7822224740e-01
2 103 7.4348418694e-01
3 103 4.0815710949e-01
1 104 6.8977455204e-01
2 104 8.6238201049e-01
3 104 7.3627471818e-01
1 105 6.7384589044e-01
2 105 1.0318315213e+00
3 105 7.9347944552e-01
1 106 8.1378553248e-01
2 106 8.3443444085e-01
3 106 9.3116210592e-01
1 107 1.0230410663e+00
2 107 7.7841725628e-01
3 107 8.4901139193e-01
1 108 1.1359403838e+00
2 108 7.6109060727e-01
3 108 6.8818716336e-01
1 109 1.3367739430e+00
2 109 6.6217252372e-01
3 109 7.9341420374e-01
1 110 1.2376366697e+00
2 110 8.9376782286e-01
3 110 8.2057956508e-01
1 111 1.4271307324e+00
2 111 9.0946640961e-01
3 111 5.3325632350e-01
1 112 1.5766573792e+00
2 112 1.0264455447e+00
3 112 2.2405979718e-01
1 113 1.4616030332e+00
2 113 1.1437098922e+00
3 113 2.6632357643e-01
1 114 1.0601715893e+00
2 114 1.0244563873e+00
3 114 5.9276731368e-01
1 115 1.2460372891e+00
2 115 1.1249667819e+00
3 115 7.1034949109e-01
1 116 1.2053600827e+00
2 116 1.2734559173e+00
3 116 6.2760278051e-01
1 117 1.2687638157e+00
2 117 1.3973686422e+00
3 117 6.6812407015e-01
1 118 1.1135415761e+00
2 118 1.2698753220e+00
3 118 1.0082367989e+00
1 119 1.1060574953e+00
2 119 9.8100858099e-01
3 119 9.9679617519e-01
1 120 1.2695336770e+00
2 120 6.2855154178e-01
3 120 1.0051757543e+00
1 121 1.3540930745e+00
2 121 9.8768578547e-01
3 121 8.5694085541e-01
1 122 1.3279543555e+00
2 122 8.1543541130e-01
3 122 1.0734466402e+00
1 123 1.5198957865e+00
2 123 7.4898488573e-01
3 123 9.7050761952e-01
1 124 1.4703914757e+00
2 124 7.0444982101e-01
3 124 8.7286081725e-01
1 125 1.5369652826e+00
2 125 7.5369229799e-01
3 125 1.0836774002e+00
1 126 1.5681939444e+00
2 126 1.0663307528e+00
3 126 1.2003498058e+00
1 127 1.2094034050e+00
2 127 8.6040016670e-01
3 127 1.2914373024e+00
1 128 1.1870032922e+00
2 128 1.2429678829e+00
3 128 1.0243015343e+00
1 129 9.9627383271e-01
2 129 1.0482191859e+00
3 129 9.7410513285e-01
1 130 9.3318154670e-01
2 130 9.5305229504e-01
3 130 9.2867687963e-01
1 131 1.0914212711e+00
2 131 5.8733115084e-01
3 131 6.7641997580e-01
1 132 1.0464374370e+00
2 132 7.2949245245e-01
3 132 8.6550382538e-01
1 133 1.1019244773e+00
2 133 7.4942307925e-01
3 133 1.0747491023e+00
1 134 9.4797185177e-01
2 134 7.1887440885e-01
3 134 8.4140908923e-01
1 135 1.0787474096e+00
2 135 8.9421260337e-01
3 135 7.2779137884e-01
1 136 8.4841091117e-01
2 136 8.9453693516e-01
3 136 6.4664763703e-01
1 137 7.9109131690e-01
2 137 7.2067759294e-01
3 137 7.8146820604e-01
1 138 8.4815228948e-01
2 138 7.9662052708e-01
3 138 5.9073951762e-01
1 139 1.0354937798e+00
2 139 7.0424074184e-01
3 139 6.5483992018e-01
1 140 9.6871524703e-01
2 140 8.2613960187e-01
3 140 6.1053705568e-01
1 141 9.9390376372e-01
2 141 1.0078352233e+00
3 141 5.8734149609e-01
1 142 8.2454647729e-01
2 142 6.3105155701e-01
3 142 8.6097036378e-01
1 143 6.1690088188e-01
2 143 5.1880411134e-01
3 143 1.0408014174e+00
1 144 9.0569412197e-01
2 144 7.2994353365e-01
3 144 9.9146101402e-01
1 145 1.3621393781e+00
2 145 8.7014770657e-01
3 145 8.1457204074e-01
1 146 1.3145117967e+00
2 146 7.8736950375e-01
3 146 7.7602201531e-01
1 147 1.2133157658e+00
2 147 9.7211172145e-01
3 147 1.1554710594e+00
1 148 1.3731139947e+00
2 148 9.4307628445e-01
3 148 8.1984222210e-01
1 149 1.2378363629e+00
2 149 7.0662717078e-01
3 149 9.6079069004e-01
1 150 1.1026262383e+00
2 150 7.1448962206e-01
3 150 7.4838574073e-01
1 151 1.1926114927e+00
2 151 8.5550005084e-01
3 151 7.7332936140e-01
1 152 1.3658803409e+00
2 152 8.9910244535e-01
3 152 8.8769997542e-01
1 153 1.2118140006e+00
2 153 1.2468600314e+00
3 153 8.4002743791e-01
1 154 1.3623712020e+00
2 154 1.0963407183e+00
3 154 1.1782021765e+00
1 155 1.2960135450e+00
2 155 8.1273918141e-01
3 155 1.2675378345e+00
1 156 1.3206849777e+00
2 156 1.0264780434e+00
3 156 9.2690284161e-01
1 157 1.3070416935e+00
2 157 1.0702507838e+00
3 157 1.1710726544e+00
1 158 1.3338644264e+00
2 158 1.1466208398e+00
3 158 1.2605830145e+00
1 159 1.3630292346e+00
2 159 1.3218507710e+00
3 159 1.2390562241e+00
1 160 1.1557663972e+00
2 160 1.2525275357e+00
3 160 1.1431853875e+00
1 161 1.2360572188e+00
2 161 1.1116350581e+00
3 161 1.2023835084e+00
1 162 1.1587152880e+00
2 162 8.0858105462e-01
3 162 8.9811962825e-01
1 163 1.0415695345e+00
2 163 6.2197579370e-01
3 163 1.1658838572e+00
1 164 1.0693834229e+00
2 164 5.7681840714e-01
3 164 1.0669666877e+00
1 165 9.7640767864e-01
2 165 7.9543937157e-01
3 165 1.1140567087e+00
1 166 8.4592825776e-01
2 166 8.1412117441e-01
3 166 8.8945943020e-01
1 167 1.0664031882e+00
2 167 7.1288404387e-01
3 167 8.5316963980e-01
1 168 1.2254494712e+00
2 168 6.9152874455e-01
3 168 6.4223316940e-01
1 169 9.9184692514e-01
2 169 9.6913029377e-01
3 169 6.1322822848e-01
1 170 1.0360190336e+00
2 170 9.0925668064e-01
3 170 6.6696684123e-01
1 171 9.7771162007e-01
2 171 9.9854078870e-01
3 171 9.4600979482e-01
1 172 1.0347611217e+00
2 172 8.9294038861e-01
3 172 8.6918996582e-01
1 173 8.4570409645e-01
2 173 1.0488684136e+00
3 173 1.0494580857e+00
1 174 8.3120128246e-01
2 174 9.9008920315e-01
3 174 1.0251905094e+00
1 175 9.4911691765e-01
2 175 8.0833176006e-01
3 175 1.1434039652e+00
1 176 9.7802487468e-01
2 176 1.2703161192e+00
3 176 1.1919105145e+00
1 177 1.0463672177e+00
2 177 1.1451714675e+00
3 177 1.1821456504e+00
1 178 1.0488157344e+00
2 178 1.2627605918e+00
3 178 1.2840765405e+00
1 179 1.2301314972e+00
2 179 1.0320272606e+00
3 179 1.0248633629e+00
1 180 1.1698682216e+00
2 180 1.0644092739e+00
3 180 1.2396645244e+00
1 181 1.2124092595e+00
2 181 8.7661908031e-01
3 181 1.2175803560e+00
1 182 1.3790888284e+00
2 182 1.2968664274e+00
3 182 9.6564994187e-01
1 183 1.4747771126e+00
2 183 1.5075949267e+00
3 183 9.7618113450e-01
1 184 1.2243053736e+00
2 184 1.2688001479e+00
3 184 8.5203199830e-01
1 185 1.3743371588e+00
2 185 1.1536611325e+00
3 185 9.2579205816e-01
1 186 1.2944261710e+00
2 186 1.2101498270e+00
3 186 9.4059540350e-01
1 187 1.3932425827e+00
2 187 1.2796127044e+00
3 187 1.2687159427e+00
1 188 1.4967094728e+00
2 188 1.4940061893e+00
3 188 1.0180241938e+00
1 189 1.5115737335e+00
2 189 1.0820582088e+00
3 189 1.0008725414e+00
1 190 1.4788551281e+00
2 190 1.1891010003e+00
3 190 1.1498763536e+00
1 191 1.5915582776e+00
2 191 1.1751802540e+00
3 191 1.0879133467e+00
1 192 1.5964553686e+00
2 192 1.2316079010e+00
3 192 1.0281320339e+00
1 193 1.3267697584e+00
2 193 8.8421932111e-01
3 193 1.0747936915e+00
1 194 1.2292353199e+00
2 194 9.9153813775e-01
3 194 9.9960867874e-01
1 195 1.5349303063e+00
2 195 1.2364667340e+00
3 195 1.3810627947e+00
1 196 1.4951727254e+00
2 196 1.3522488947e+00
3 196 1.4833637121e+00
1 197 1.6734942756e+00
2 197 1.0104593338e+00
3 197 1.6640449612e+00
1 198 1.5517514078e+00
2 198 1.1882839974e+00
3 198 1.6028125834e+00
1 199 1.3632719904e+00
2 199 1.0403935929e+00
3 199 1.7960008915e+00
1 200 1.0920126218e+00
2 200 1.0765844657e+00
3 200 1.7816824890e+00
1 201 1.1949362666e+00
2 201 1.0622602973e+00
3 201 1.6390564533e+00
1 202 1.1681919920e+00
2 202 1.1202860356e+00
3 202 1.4735142028e+00
1 203 1.2768978218e+00
2 203 1.2159352596e+00
3 203 1.3819658943e+00
1 204 1.2462277076e+00
2 204 1.0850633132e+00
3 204 1.1555932584e+00
1 205 1.2745438505e+00
2 205 1.2859636830e+00
3 205 1.2811149294e+00
1 206 1.1720385801e+00
2 206 1.3242843870e+00
3 206 1.2386611319e+00
1 207 1.0515562491e+00
2 207 1.2763149986e+00
3 207 1.3281129399e+00
1 208 9.1883316220e-01
2 208 1.2963205497e+00
3 208 1.2971700869e+00
1 209 8.3454030436e-01
2 209 1.2208461776e+00
3 209 1.1861722225e+00
1 210 6.3235771109e-01
2 210 1.1437249274e+00
3 210 1.0693693745e+00
1 211 5.8412925577e-01
2 211 1.1882321968e+00
3 211 7.2154342347e-01
1 212 7.1920217799e-01
2 212 9.3530558518e-01
3 212 7.8102616150e-01
1 213 9.5119701326e-01
2 213 8.1257271714e-01
3 213 9.8929092884e-01
1 214 1.0019337782e+00
2 214 1.2375989975e+00
3 214 8.7418052909e-01
1 215 1.0018270824e+00
2 215 1.2473589142e+00
3 215 1.1044965172e+00
1 216 1.1281215673e+00
2 216 1.0024564673e+00
3 216 1.2192390590e+00
1 217 1.2168407732e+00
2 217 1.1013864547e+00
3 217 1.0012051690e+00
1 218 1.2919728043e+00
2 218 9.1135998523e-01
3 218 1.3253892289e+00
1 219 1.3646301512e+00
2 219 8.9628452578e-01
3 219 1.3169890510e+00
1 220 1.4432634189e+00
2 220 7.2453497196e-01
3 220 1.3758314805e+00
1 221 1.3921734838e+00
2 221 8.9104553123e-01
3 221 1.3943121351e+00
1 222 1.3201890431e+00
2 222 1.0628083086e+00
3 222 1.1867534447e+00
1 223 1.2950675803e+00
2 223 1.2763821070e+00
3 223 1.2744348210e+00
1 224 1.2102277301e+00
2 224 1.2171537727e+00
3 224 1.3952673294e+00
1 225 1.2197596546e+00
2 225 9.8939674551e-01
3 225 1.7234804494e+00
1 226 1.0733185727e+00
2 226 8.1562265342e-01
3 226 1.5920777413e+00
1 227 1.0551435951e+00
2 227 6.3450070670e-01
3 227 1.5204833427e+00
1 228 1.1242161446e+00
2 228 7.7293305149e-01
3 228 9.6680149090e-01
1 229 1.0028579404e+00
2 229 7.8862863077e-01
3 229 5.6960879508e-01
1 230 7.0027471301e-01
2 230 7.1960248101e-01
3 230 8.3873967776e-01
1 231 9.1357525041e-01
2 231 6.8635016123e-01
3 231 5.7696990658e-01
1 232 9.7909066836e-01
2 232 7.6931990836e-01
3 232 5.7617861596e-01
1 233 9.5440930890e-01
2 233 7.7855540385e-01
3 233 5.8612217247e-01
1 234 8.1960162736e-01
2 234 8.9881098519e-01
3 234 7.7572947748e-01
1 235 9.0095860618e-01
2 235 1.0101751819e+00
3 235 1.0195507083e+00
1 236 8.0092519204e-01
2 236 1.1077976470e+00
3 236 6.8989973765e-01
1 237 9.3230444242e-01
2 237 8.7958917672e-01
3 237 7.4892814902e-01
1 238 9.1219391759e-01
2 238 7.7777848752e-01
3 238 9.1472676477e-01
1 239 7.0290847225e-01
2 239 8.9591682065e-01
3 239 7.3992193435e-01
1 240 5.5154722881e-01
2 240 9.2265772881e-01
3 240 7.0870131120e-01
1 241 7.4307309201e-01
2 241 1.0326224887e+00
3 241 8.0227505191e-01
1 242 7.4039552922e-01
2 242 1.1472149004e+00
3 242 3.7726152966e-01
1 243 6.0784651330e-01
2 243 9.9628339134e-01
3 243 5.7097447612e-01
1 244 5.2350601619e-01
2 244 9.0471434689e-01
3 244 6.6419315188e-01
1 245 8.3055517479e-01
2 245 9.9518142936e-01
3 245 8.7335880597e-01
1 246 8.0085626590e-01
2 246 8.3381451793e-01
3 246 6.6472580722e-01
1 247 8.7103993893e-01
2 247 6.9673498780e-01
3 247 7.4278487602e-01
1 248 7.9996793444e-01
2 248 7.7135004408e-01
3 248 8.4073394597e-01
1 249 7.8622762760e-01
2 249 8.6590700313e-01
3 249 7.5170637451e-01
1 250 8.8942081522e-01
2 250 7.3548877755e-01
3 250 8.5647645119e-01
1 251 8.8273786604e-01
2 251 6.4601651418e-01
3 251 9.0800288232e-01
1 252 9.2135546669e-01
2 252 1.0496988709e+00
3 252 1.1446870822e+00
1 253 8.3936220081e-01
2 253 9.6351873392e-01
3 253 8.8239029699e-01
1 254 7.4828047684e-01
2 254 9.2788607214e-01
3 254 5.9479840485e-01
1 255 7.6155115052e-01
2 255 8.1582223206e-01
3 255 8.4388548920e-01
1 256 8.8944626683e-01
2 256 7.6889088388e-01
3 256 1.0858405248e+00
1 257 1.0665521704e+00
2 257 7.7875413203e-01
3 257 1.0487437942e+00
1 258 1.1222216808e+00
2 258 5.2788477020e-01
3 258 8.3298811954e-01
1 259 1.1376495290e+00
2 259 7.1776486360e-01
3 259 8.4519700622e-01
1 260 1.2213285782e+00
2 260 6.1284887546e-01
3 260 8.0489808987e-01
1 261 1.2538697462e+00
2 261 8.1289212357e-01
3 261 1.0340566515e+00
1 262 1.0767250747e+00
2 262 6.8848890362e-01
3 262 1.5794136470e+00
1 263 8.6053833658e-01
2 263 8.8040625025e-01
3 263 1.4186445036e+00
1 264 8.3431221419e-01
2 264 8.2032933464e-01
3 264 1.5861814548e+00
1 265 9.0712760467e-01
2 265 5.5913856779e-01
3 265 1.2608979465e+00
1 266 7.4234014206e-01
2 266 9.5740227378e-01
3 266 9.1415594422e-01
1 267 8.6357139355e-01
2 267 1.0779817923e+00
3 267 9.1649078595e-01
1 268 6.5620560471e-01
2 268 6.4429926002e-01
3 268 8.9096021491e-01
5 268 1.0848850796e-01
1 269 6.1971613853e-01
2 269 6.2265309088e-01
3 269 9.9078243058e-01
5 269 1.0277516361e-01
1 270 8.1601065813e-01
2 270 8.4575158358e-01
3 270 9.0429791268e-01
5 270 -4.8745610090e-02
1 271 9.5537749421e-01
2 271 1.1260294970e+00
3 271 1.2050288812e+00
5 271 1.4158523005e-01
1 272 1.0284983332e+00
2 272 8.1514531840e-01
3 272 1.2021222190e+00
5 272 4.3950913874e-02
1 273 1.4299411888e+00
2 273 1.1002370198e+00
3 273 1.2088459721e+00
5 273 2.2506328456e-01
1 274 1.4984945735e+00
2 274 9.9069827652e-01
3 274 9.7440634981e-01
5 274 -1.4556785890e-01
1 275 1.4330573299e+00
2 275 1.0280707550e+00
3 275 8.2795905500e-01
5 275 1.7866717275e-02
1 276 1.3710496481e+00
2 276 8.9831770069e-01
3 276 7.6825467365e-01
5 276 5.6289838549e-02
1 277 1.2860647802e+00
2 277 8.9171527892e-01
3 277 9.9501283094e-01
5 277 -2.6667652339e-01
1 278 1.1263035001e+00
2 278 7.1420642163e-01
3 278 1.3418933293e+00
5 278 7.8728989136e-02
1 279 1.0860389995e+00
2 279 9.4071920884e-01
3 279 1.1581125662e+00
5 279 -2.2699612126e-01
1 280 1.0181796421e+00
2 280 1.0396951052e+00
3 280 1.1555398431e+00
5 280 -6.0734911776e-02
1 281 1.1492494090e+00
2 281 8.8882706934e-01
3 281 1.2945428891e+00
5 281 8.8550409584e-02
1 282 9.0212360372e-01
2 282 1.0479080945e+00
3 282 9.7217632153e-01
5 282 7.7812356290e-02
1 283 1.0001851499e+00
2 283 9.1259207840e-01
3 283 1.1462472143e+00
5 283 9.0302895623e-03
1 284 1.1900558013e+00
2 284 1.1998871577e+00
3 284 9.7898190574e-01
5 284 1.0398748768e-01
1 285 1.0267203222e+00
2 285 1.1480279259e+00
3 285 1.1240273126e+00
5 285 -8.4683943139e-02
1 286 8.2492960070e-01
2 286 1.1994154126e+00
3 286 1.2364639268e+00
5 286 1.3993869079e-01
1 287 1.1183131053e+00
2 287 1.2544344130e+00
3 287 9.7540863983e-01
5 287 2.8453577971e-01
1 288 1.5460386396e+00
2 288 1.4095384351e+00
3 288 9.4759272278e-01
5 288 -1.5017448152e-01
1 289 1.4946204006e+00
2 289 1.4945178734e+00
3 289 1.0909199984e+00
5 289 6.1102444671e-02
1 290 1.4422506771e+00
2 290 1.4764837573e+00
3 290 1.5678752673e+00
5 290 1.5069937540e-02
1 291 1.1890921187e+00
2 291 1.4854735811e+00
3 291 1.6855331087e+00
5 291 -1.8600482534e-01
1 292 9.7760007703e-01
2 292 1.1283334272e+00
3 292 1.6223330204e+00
5 292 -2.0866312156e-01
1 293 1.2489005630e+00
2 293 1.4354176772e+00
3 293 1.4902533911e+00
5 293 -2.4629806488e-01
1 294 1.3010340633e+00
2 294 1.4081337340e+00
3 294 1.3405947924e+00
5 294 1.8666365721e-01
1 295 1.0091151237e+00
2 295 1.5333778332e+00
3 295 1.1066468789e+00
5 295 1.2125520556e-01
1 296 1.0423495141e+00
2 296 1.3841028427e+00
3 296 1.0361121809e+00
5 296 1.1664334345e-01
1 297 1.0429186696e+00
2 297 1.4959845472e+00
3 297 1.0466179618e+00
5 297 2.2590151149e-01
1 298 1.0528271589e+00
2 298 1.2782644957e+00
3 298 1.2894282136e+00
5 298 -2.0402375045e-02
1 299 1.0812952525e+00
2 299 1.1597714607e+00
3 299 1.0160057897e+00
5 299 1.2237182892e-01
1 300 8.2156384030e-01
2 300 1.2833138380e+00
3 300 1.0361052738e+00
5 300 -6.9473631334e-02
1 301 9.0214044381e-01
2 301 1.2580211919e+00
3 301 8.5873925537e-01
5 301 -8.4854219149e-02
1 302 9.9684689641e-01
2 302 1.2224525047e+00
3 302 1.0754841564e+00
5 302 1.5896482125e-01
1 303 1.2712795191e+00
2 303 1.3142407525e+00
3 303 1.0753593811e+00
5 303 1.2018761957e-01
1 304 1.5721314832e+00
2 304 1.3363816969e+00
3 304 1.0813391961e+00
5 304 1.3988942001e-01
1 305 1.5095650160e+00
2 305 1.5945959496e+00
3 305 1.3303808229e+00
5 305 -2.1220092172e-01
1 306 1.4461605746e+00
2 306 1.3100435459e+00
3 306 1.1641758762e+00
5 306 9.8562701246e-02
1 307 1.4755588533e+00
2 307 1.3472018472e+00
3 307 1.0990715388e+00
5 307 1.7592061365e-01
1 308 1.2366496411e+00
2 308 1.3356641845e+00
3 308 1.1822751796e+00
5 308 -1.5387986031e-01
1 309 1.0287953896e+00
2 309 1.4016570887e+00
3 309 1.2691838778e+00
5 309 -4.7513553852e-03
1 310 8.5825990439e-01
2 310 1.1482784009e+00
3 310 1.2742370365e+00
5 310 -1.8755752561e-01
1 311 6.9907703674e-01
2 311 6.5337093808e-01
3 311 1.1274844572e+00
5 311 1.6926676554e-01
1 312 5.3301579182e-01
2 312 6.5914734702e-01
3 312 8.9792237352e-01
5 312 2.5699773116e-01
1 313 4.6708414296e-01
2 313 7.6925293869e-01
3 313 6.1922046236e-01
5 313 -1.8538976840e-01
1 314 6.8539863436e-01
2 314 7.8858424698e-01
3 314 6.1194993858e-01
5 314 3.7645602660e-02
1 315 8.3093668710e-01
2 315 8.2228977205e-01
3 315 7.3830944794e-01
5 315 3.6540520947e-02
1 316 7.2351327667e-01
2 316 9.2806087207e-01
3 316 1.0045861400e+00
5 316 -2.1295499805e-02
1 317 7.6303334154e-01
2 317 9.3458808335e-01
3 317 1.1474952953e+00
5 317 2.3884311666e-01
1 318 7.1953052708e-01
2 318 1.0716396934e+00
3 318 1.3211076049e+00
5 318 2.3899062382e-01
1 319 8.6700314912e-01
2 319 9.5310479526e-01
3 319 1.0839656231e+00
5 319 1.6230718344e-01
1 320 9.9733920925e-01
2 320 1.1577364874e+00
3 320 1.1072203284e+00
5 320 -4.9082287845e-03
1 321 1.1427985924e+00
2 321 1.3423069783e+00
3 321 1.2783613368e+00
1 322 1.0427721670e+00
2 322 1.3089929437e+00
3 322 1.1821387125e+00
1 323 1.4104731047e+00
2 323 1.3609218839e+00
3 323 1.1147331893e+00
1 324 1.5756434378e+00
2 324 1.3165864191e+00
3 324 1.6695143424e+00
1 325 1.5759137916e+00
2 325 1.3209137789e+00
3 325 1.5737179281e+00
1 326 1.8934521654e+00
2 326 1.2825399734e+00
3 326 1.5668873249e+00
1 327 1.5470810948e+00
2 327 1.1267503645e+00
3 327 1.7428083793e+00
1 328 1.3307059857e+00
2 328 1.3409368542e+00
3 328 1.7674891346e+00
1 329 1.1413494279e+00
2 329 1.2654592168e+00
3 329 1.4679971534e+00
1 330 1.2082212241e+00
2 330 1.0984576320e+00
3 330 1.5199933157e+00
1 331 1.1006302318e+00
2 331 1.3291804299e+00
3 331 1.4600801603e+00
1 332 1.2922246536e+00
2 332 1.2220540787e+00
3 332 1.2577979312e+00
1 333 1.2574110177e+00
2 333 1.4637891305e+00
3 333 1.4244568729e+00
1 334 1.2691086940e+00
2 334 1.3492532729e+00
3 334 1.0892139383e+00
1 335 1.3473510721e+00
2 335 9.9852973145e-01
3 335 1.2023685348e+00
1 336 1.3839901564e+00
2 336 1.1941982494e+00
3 336 1.2208697932e+00
1 337 1.0111613985e+00
2 337 1.2205723776e+00
3 337 1.3227628539e+00
1 338 1.0489579998e+00
2 338 1.1563353618e+00
3 338 1.4565751048e+00
1 339 8.0419366724e-01
2 339 9.6666740502e-01
3 339 1.1602010415e+00
1 340 6.0082846430e-01
2 340 1.0121958869e+00
3 340 1.1780815171e+00
1 341 5.1420407686e-01
2 341 5.9810356013e-01
3 341 1.1880859636e+00
1 342 7.0695082284e-01
2 342 5.6524748641e-01
3 342 7.8036196356e-01
1 343 3.6062662170e-01
2 343 5.6829656418e-01
3 343 1.0104037466e+00
1 344 7.0103584261e-01
2 344 7.4577910239e-01
3 344 9.2358245541e-01
1 345 7.9303698191e-01
2 345 9.1805796414e-01
3 345 6.8922003705e-01
1 346 6.2175292883e-01
2 346 6.6160978349e-01
3 346 9.7944263174e-01
1 347 7.8697194184e-01
2 347 3.3677746803e-01
3 347 1.1361933730e+00
1 348 1.0589557156e+00
2 348 6.1706764409e-01
3 348 1.1636542089e+00
1 349 8.2910860024e-01
2 349 7.0327985359e-01
3 349 8.5183277810e-01
1 350 9.4668903123e-01
2 350 7.7395803344e-01
3 350 9.6036036651e-01
1 351 1.0432469578e+00
2 351 8.6243736243e-01
3 351 8.1437290117e-01
1 352 9.5089166627e-01
2 352 6.4482910468e-01
3 352 7.7011020413e-01
1 353 7.9814058071e-01
2 353 5.3841884635e-01
3 353 7.4201649829e-01
1 354 6.8996692947e-01
2 354 7.7641642770e-01
3 354 9.3239649407e-01
1 355 7.3436418920e-01
2 355 7.4446284562e-01
3 355 8.6593331254e-01
1 356 8.9266471735e-01
2 356 5.9556291998e-01
3 356 1.0171624796e+00
1 357 9.0736829044e-01
2 357 4.8070767113e-01
3 357 8.2635965737e-01
1 358 8.1780810070e-01
2 358 5.9273225112e-01
3 358 1.0186623771e+00
1 359 9.1016712978e-01
2 359 8.6191363820e-01
3 359 4.3760004334e-01
1 360 7.5790770165e-01
2 360 8.4600233494e-01
3 360 4.9493499428e-01
1 361 9.4121848431e-01
2 361 5.6297656435e-01
3 361 7.7530100775e-01
1 362 8.8054439757e-01
2 362 3.5732424678e-01
3 362 5.7456085107e-01
1 363 9.2552679238e-01
2 363 3.6635104313e-01
3 363 9.3606005878e-01
1 364 9.6592592772e-01
2 364 4.8858740728e-01
3 364 8.0428358531e-01
1 365 1.2594799182e+00
2 365 6.9799521842e-01
3 365 8.4956731872e-01
1 366 1.0623716671e+00
2 366 4.4137689628e-01
3 366 7.4339807530e-01
1 367 1.0571565663e+00
2 367 5.4458636775e-01
3 367 7.0607358559e-01
1 368 1.1947138277e+00
2 368 7.0454529366e-01
3 368 4.0219367571e-01
1 369 9.4469809665e-01
2 369 6.8149650749e-01
3 369 3.6633895115e-01
1 370 7.5426873795e-01
2 370 8.8569264473e-01
3 370 2.7603276335e-01
1 371 7.8459684255e-01
2 371 6.4625553528e-01
3 371 5.1434045599e-01
1 372 8.0827733866e-01
2 372 4.8893561608e-01
3 372 6.9257493291e-01
1 373 7.3617342972e-01
2 373 7.9400073115e-01
3 373 1.0619235735e+00
1 374 9.0121333971e-01
2 374 8.4046367165e-01
3 374 9.7556679284e-01
1 375 1.0991253526e+00
2 375 8.1499237008e-01
3 375 1.1346849559e+00
1 376 8.3365810958e-01
2 376 4.4419883963e-01
3 376 9.2397649307e-01
1 377 5.6694693440e-01
2 377 4.8932975080e-01
3 377 8.8719766615e-01
1 378 6.5765172801e-01
2 378 4.2396527650e-01
3 378 1.1322217016e+00
1 379 9.6876407297e-01
2 379 6.0717411909e-01
3 379 1.0129453270e+00
1 380 9.4387617411e-01
2 380 5.0287004318e-01
3 380 9.9014461697e-01
1 381 9.0736730188e-01
2 381 3.6856156766e-01
3 381 6.3280443124e-01
1 382 9.4607814794e-01
2 382 5.5701924839e-01
3 382 9.3177079109e-01
1 383 8.2881038323e-01
2 383 9.5920727953e-01
3 383 8.3100614610e-01
1 384 1.5014041890e+00
2 384 1.0976729578e+00
3 384 1.2892987430e+00
1 385 1.4715962472e+00
2 385 1.1888539352e+00
3 385 1.1955653910e+00
1 386 1.6088239240e+00
2 386 1.3759452528e+00
3 386 1.0947756153e+00
1 387 1.7847625009e+00
2 387 1.2979910224e+00
3 387 8.7907151376e-01
1 388 1.5977363405e+00
2 388 1.2834355082e+00
3 388 7.8779189351e-01
1 389 1.5209023377e+00
2 389 1.4399796918e+00
3 389 9.4597091749e-01
1 390 1.4460728083e+00
2 390 1.5496380788e+00
3 390 9.1297773980e-01
1 391 1.2950567892e+00
2 391 1.1653882828e+00
3 391 8.5786660752e-01
1 392 1.2751194004e+00
2 392 9.2427825425e-01
3 392 6.5521771074e-01
1 393 1.3932475653e+00
2 393 1.0765759514e+00
3 393 6.1107873913e-01
1 394 1.4714690902e+00
2 394 9.4635628378e-01
3 394 7.0681931818e-01
1 395 1.4321019353e+00
2 395 9.8053584871e-01
3 395 8.3831427539e-01
1 396 1.2981128034e+00
2 396 9.5502219351e-01
3 396 1.0511151859e+00
1 397 1.1688871171e+00
2 397 8.8902124648e-01
3 397 9.4093316997e-01
1 398 1.2290994058e+00
2 398 1.1173246395e+00
3 398 9.5330080143e-01
1 399 1.0255096554e+00
2 399 1.1801373038e+00
3 399 7.5557180444e-01
1 400 1.1289388563e+00
2 400 9.9245976301e-01
3 400 6.6684828932e-01
1 401 8.6408957487e-01
2 401 1.0869341383e+00
3 401 7.9407716234e-01
1 402 1.2941878624e+00
2 402 9.4665897227e-01
3 402 8.8104163830e-01
1 403 1.0500883833e+00
2 403 1.0816656675e+00
3 403 8.2539883872e-01
1 404 9.7148785803e-01
2 404 1.0380204754e+00
3 404 7.4637147158e-01
1 405 9.8230342763e-01
2 405 1.0408486570e+00
3 405 7.5901439269e-01
1 406 1.0748276759e+00
2 406 1.2781590175e+00
3 406 7.5978719514e-01
1 407 1.1809796130e+00
2 407 1.2842154847e+00
3 407 1.0185754785e+00
1 408 1.1242515793e+00
2 408 1.2257245424e+00
3 408 1.0626423761e+00
1 409 1.4172715455e+00
2 409 1.1690303292e+00
3 409 1.0734991584e+00
17 409 -3.7850909862e-01
1 410 1.4045037895e+00
2 410 1.5105919274e+00
3 410 1.1309732577e+00
17 410 -8.4543988386e-02
1 411 1.3473675123e+00
2 411 1.3525380347e+00
3 411 1.2363654775e+00
17 411 4.2679300595e-02
1 412 1.4126226249e+00
2 412 1.3961257735e+00
3 412 1.0734143209e+00
17 412 2.0510544921e-01
1 413 1.3033357803e+00
2 413 1.4750026504e+00
3 413 1.2992997936e+00
17 413 -9.5225073925e-02
1 414 1.4774736012e+00
2 414 1.4959099712e+00
3 414 1.2803968226e+00
17 414 -1.3756005703e-03
1 415 1.4124792860e+00
2 415 1.1732199944e+00
3 415 1.2192712517e+00
17 415 -1.5754817615e-01
1 416 1.4208571575e+00
2 416 1.3806913262e+00
3 416 8.5679802935e-01
17 416 -2.3876639715e-01
1 417 1.1704202817e+00
2 417 1.2175556950e+00
3 417 9.1689364636e-01
17 417 -1.0461700407e-01
1 418 1.2062880341e+00
2 418 9.9541951369e-01
3 418 8.9476168837e-01
17 418 2.1690320496e-01
1 419 9.8029630813e-01
2 419 1.0173895171e+00
3 419 7.4104111185e-01
17 419 -1.4274296547e-01
1 420 1.1923720944e+00
2 420 9.5766129678e-01
3 420 6.4184805234e-01
17 420 6.7184160127e-03
1 421 1.2848437625e+00
2 421 1.0579105724e+00
3 421 8.4551867250e-01
17 421 -9.4291096976e-02
1 422 1.1227332042e+00
2 422 1.1415336727e+00
3 422 1.0470901198e+00
17 422 -4.6234711548e-02
1 423 1.1054935224e+00
2 423 9.2660575362e-01
3 423 9.5163289831e-01
17 423 -6.7070289530e-02
1 424 9.3688252211e-01
2 424 1.0478826631e+00
3 424 1.0869079481e+00
17 424 -4.2223315227e-02
1 425 8.8590280592e-01
2 425 9.2231645825e-01
3 425 1.2629116937e+00
17 425 2.5371579630e-01
1 426 1.1645196779e+00
2 426 1.0878499485e+00
3 426 1.1763586633e+00
17 426 5.8342722996e-04
1 427 1.0594243725e+00
2 427 1.1975926003e+00
3 427 1.2429336516e+00
17 427 3.1556716060e-02
1 428 1.1491717510e+00
2 428 1.1770440699e+00
3 428 1.1385742873e+00
17 428 -4.0875502234e-02
1 429 1.1098412188e+00
2 429 7.3935817210e-01
3 429 1.1606072912e+00
17 429 -2.7522245369e-03
1 430 1.0544911946e+00
2 430 7.3945648050e-01
3 430 1.0432011830e+00
17 430 -4.1782485409e-02
1 431 1.2162884214e+00
2 431 6.8122468474e-01
3 431 1.2146299018e+00
10 431 -4.6314856719e-01
17 431 1.1725340305e-01
1 432 9.5709614803e-01
2 432 5.5234901889e-01
3 432 1.0844719448e+00
10 432 -4.3847653792e-02
1 433 9.9613207952e-01
2 433 5.9687507011e-01
3 433 8.0591939873e-01
10 433 -4.8057650735e-02
1 434 8.0371673213e-01
2 434 7.4509144940e-01
3 434 7.0006590922e-01
10 434 -2.8789106148e-01
1 435 5.4263379000e-01
2 435 6.4239500121e-01
3 435 6.8609600955e-01
10 435 -2.2912410476e-02
1 436 5.9079138225e-01
2 436 8.2091374879e-01
3 436 5.5882648989e-01
10 436 -2.0182641621e-01
1 437 7.2448384232e-01
2 437 5.5643536584e-01
3 437 6.3045070744e-01
10 437 -3.5640146452e-01
1 438 7.2152810314e-01
2 438 7.8790100771e-01
3 438 3.9760054899e-01
10 438 -7.5432600665e-02
1 439 6.9522965914e-01
2 439 7.9710503745e-01
3 439 9.3540297052e-01
10 439 -3.0373610873e-01
1 440 4.3943112448e-01
2 440 6.2341019331e-01
3 440 9.1021849106e-01
10 440 -8.9416196356e-02
1 441 6.9445386720e-01
2 441 4.7358582037e-01
3 441 7.3089754371e-01
10 441 -1.2747843248e-01
1 442 6.0649028919e-01
2 442 5.0536911674e-01
3 442 1.0645771066e+00
10 442 -3.2253430895e-01
1 443 6.8250441095e-01
2 443 4.9072043259e-01
3 443 8.6025274653e-01
10 443 -3.7703174487e-01
1 444 5.9697447843e-01
2 444 4.1401783681e-01
3 444 9.4070578334e-01
10 444 -1.7617825453e-01
1 445 6.2740805092e-01
2 445 6.1768282419e-01
3 445 7.3626040062e-01
10 445 -2.6247524186e-01
1 446 7.6508978985e-01
2 446 7.6120011695e-01
3 446 8.8080554277e-01
10 446 3.7204746600e-01
1 447 9.7417863115e-01
2 447 8.2860470337e-01
3 447 9.3039743678e-01
10 447 -5.2707910290e-02
1 448 9.4471594072e-01
2 448 9.0187241724e-01
3 448 9.6558066620e-01
1 449 1.2549596385e+00
2 449 9.6115093741e-01
3 449 1.1140374041e+00
1 450 1.3897070151e+00
2 450 1.1058984700e+00
3 450 9.1061098518e-01
1 451 1.3318475256e+00
2 451 1.1004753309e+00
3 451 1.0744059110e+00
1 452 1.4900007434e+00
2 452 1.0626638615e+00
3 452 9.4936870891e-01
1 453 1.7515007733e+00
2 453 1.1474502302e+00
3 453 9.5887564210e-01
1 454 1.6959179482e+00
2 454 1.0588383707e+00
3 454 1.1533179111e+00
1 455 1.3652325704e+00
2 455 1.0535673895e+00
3 455 1.0838947973e+00
1 456 1.3052613013e+00
2 456 9.5371980315e-01
3 456 1.0585191587e+00
1 457 1.2084274240e+00
2 457 1.1605841731e+00
3 457 1.0566029111e+00
1 458 1.1569389181e+00
2 458 1.0483010513e+00
3 458 9.1917178864e-01
1 459 1.3190084672e+00
2 459 1.3656483195e+00
3 459 8.3696320339e-01
1 460 1.3434290989e+00
2 460 1.1996511060e+00
3 460 1.2263555023e+00
1 461 1.3383679979e+00
2 461 1.2862651624e+00
3 461 1.2023204560e+00
1 462 1.2726675090e+00
2 462 1.1603550496e+00
3 462 1.2436481914e+00
1 463 1.2329865591e+00
2 463 1.2651254408e+00
3 463 1.3074774812e+00
1 464 1.1458013204e+00
2 464 1.4062733952e+00
3 464 1.3815447163e+00
1 465 9.2415432009e-01
2 465 1.2215224547e+00
3 465 1.4803664088e+00
1 466 9.6374491516e-01
2 466 1.1773026742e+00
3 466 1.5220668618e+00
1 467 9.9174643848e-01
2 467 1.3174082377e+00
3 467 1.6057359221e+00
1 468 9.7296588031e-01
2 468 9.9810740594e-01
3 468 1.7898364733e+00
1 469 1.2000724909e+00
2 469 1.1929399364e+00
3 469 1.6036640719e+00
1 470 1.2272180403e+00
2 470 9.7760931448e-01
3 470 1.4398678339e+00
1 471 1.3236138184e+00
2 471 8.3041782148e-01
3 471 1.2723139159e+00
1 472 1.3858995984e+00
2 472 7.2680337849e-01
3 472 1.3481342940e+00
1 473 1.3159291985e+00
2 473 6.6181617595e-01
3 473 1.2693449021e+00
1 474 1.6622531229e+00
2 474 8.8234198999e-01
3 474 1.2902034730e+00
1 475 1.5416096005e+00
2 475 8.4564366583e-01
3 475 1.1133135210e+00
1 476 1.5653820051e+00
2 476 9.0858655543e-01
3 476 1.0935383350e+00
1 477 1.7060764256e+00
2 477 6.7795509389e-01
3 477 7.8910209324e-01
1 478 1.2614330586e+00
2 478 7.7405204585e-01
3 478 9.3638497201e-01
1 479 1.5629679785e+00
2 479 8.0273856033e-01
3 479 7.8698549820e-01
1 480 1.4923955903e+00
2 480 7.1563691691e-01
3 480 7.9317944451e-01
1 481 1.6621804045e+00
2 481 6.9926488333e-01
3 481 1.1357700521e+00
1 482 1.8811735348e+00
2 482 4.6080171143e-01
3 482 1.4234385647e+00
1 483 1.7481079098e+00
2 483 6.7818973438e-01
3 483 1.2005045204e+00
1 484 1.6616493459e+00
2 484 8.6122035933e-01
3 484 1.2876253270e+00
1 485 1.9513263846e+00
2 485 1.1359721395e+00
3 485 1.2909324075e+00
1 486 1.7312151533e+00
2 486 1.3306892863e+00
3 486 1.4635525662e+00
1 487 1.5028485421e+00
2 487 1.1796428715e+00
3 487 1.3471274997e+00
1 488 1.2325127296e+00
2 488 1.0691282912e+00
3 488 1.2165491727e+00
1 489 1.1238244688e+00
2 489 1.2755794916e+00
3 489 1.1184268704e+00
1 490 1.4703718072e+00
2 490 1.0957479043e+00
3 490 8.7340281248e-01
1 491 1.5035263243e+00
2 491 1.2038398404e+00
3 491 8.3188544860e-01
1 492 1.4317034073e+00
2 492 1.0591083290e+00
3 492 8.1195423186e-01
1 493 1.3212228953e+00
2 493 1.1310132380e+00
3 493 1.0343305102e+00
1 494 1.1791462251e+00
2 494 9.9297662677e-01
3 494 9.4738173096e-01
1 495 1.1270228252e+00
2 495 1.0890843108e+00
3 495 1.3362885227e+00
1 496 1.1077779460e+00
2 496 7.9781187128e-01
3 496 1.3288924488e+00
1 497 1.1020413262e+00
2 497 9.5862835403e-01
3 497 1.2842974881e+00
1 498 9.2358037527e-01
2 498 8.3475998902e-01
3 498 1.1968446295e+00
1 499 1.1628476525e+00
2 499 8.7255084180e-01
3 499 9.9444376711e-01
1 500 1.2722089605e+00
2 500 8.9133298049e-01
3 500 8.8774025920e-01
